%YAML:1.0
vocabulary: !!opencv-matrix
   rows: 10
   cols: 32
   dt: f
   data: [ 1.83548386e+02, 1.58290314e+02, 1.84645157e+02,
       1.62258057e+02, 1.61548386e+02, 9.57096710e+01, 9.44193497e+01,
       1.52741928e+02, 1.32516129e+02, 1.79709671e+02, 1.48483871e+02,
       4.66451607e+01, 1.42612900e+02, 1.55322571e+02, 8.14516068e+01,
       7.94516068e+01, 1.21645157e+02, 1.87677414e+02, 1.31612900e+02,
       9.50645142e+01, 1.05064514e+02, 1.18774193e+02, 2.16548386e+02,
       8.17096786e+01, 2.17903214e+02, 2.03903214e+02, 1.17354836e+02,
       1.11645157e+02, 1.59645157e+02, 1.60645157e+02, 1.07161285e+02,
       9.64516068e+01, 1.08930229e+02, 1.03162788e+02, 6.73255844e+01,
       1.39953491e+02, 7.57441864e+01, 8.73488388e+01, 9.49302292e+01,
       1.20209305e+02, 9.43255844e+01, 1.06069771e+02, 1.75697678e+02,
       5.93255806e+01, 1.57720932e+02, 1.21883720e+02, 6.83720932e+01,
       1.40046509e+02, 9.21395340e+01, 1.73232559e+02, 1.03209305e+02,
       1.36023254e+02, 1.00744186e+02, 1.44162796e+02, 9.36046524e+01,
       6.11860466e+01, 1.98093018e+02, 2.16511627e+02, 8.83023224e+01,
       3.94418602e+01, 9.07674408e+01, 178., 1.07790695e+02,
       6.25348816e+01, 7.27857208e+01, 1.69178574e+02, 1.30750000e+02,
       1.05392860e+02, 1.51500000e+02, 1.44714294e+02, 1.82785721e+02,
       1.74000015e+02, 1.03178574e+02, 1.11535721e+02, 1.18285721e+02,
       1.22392860e+02, 1.49214294e+02, 1.12535721e+02, 1.48892868e+02,
       9.25357208e+01, 1.03464287e+02, 1.30464294e+02, 5.31071434e+01,
       1.11535721e+02, 1.66035721e+02, 1.93964294e+02, 1.19785721e+02,
       1.13714294e+02, 9.26071472e+01, 1.03892860e+02, 1.52500000e+02,
       1.14857147e+02, 1.43892868e+02, 1.58035721e+02, 1.82071442e+02,
       1.82357147e+02, 8.94857178e+01, 1.46228577e+02, 2.01800003e+02,
       1.45571426e+02, 1.91057144e+02, 1.15800003e+02, 1.78828568e+02,
       1.71542862e+02, 1.11342857e+02, 1.64942856e+02, 1.58314285e+02,
       1.63457138e+02, 1.06314285e+02, 1.64114288e+02, 1.93285721e+02,
       1.37542862e+02, 1.32857147e+02, 1.71171432e+02, 1.45399994e+02,
       1.57685715e+02, 1.67714279e+02, 1.14628571e+02, 1.57285721e+02,
       1.99628571e+02, 1.23485718e+02, 1.41942856e+02, 1.56428574e+02,
       1.83228577e+02, 1.70342865e+02, 2.14228577e+02, 1.48685715e+02,
       1.85600006e+02, 6.59199982e+01, 1.82759995e+02, 1.04559998e+02,
       1.24119995e+02, 1.57559998e+02, 1.77279999e+02, 1.13159996e+02,
       1.92119995e+02, 1.47520004e+02, 1.18919998e+02, 165.,
       4.16800003e+01, 1.46399994e+02, 1.98679993e+02, 6.13199997e+01,
       5.78799973e+01, 1.62720001e+02, 1.38559998e+02, 1.11279999e+02,
       6.15999985e+01, 6.85999985e+01, 1.05919998e+02, 1.44959991e+02,
       5.64399986e+01, 1.57440002e+02, 170., 5.50399971e+01,
       1.08759995e+02, 1.52720001e+02, 4.74399986e+01, 1.25719994e+02,
       187., 1.12086960e+02, 1.74956528e+02, 4.90869560e+01,
       1.31217392e+02, 134., 1.35304352e+02, 71., 1.47086960e+02,
       1.72130432e+02, 6.76956558e+01, 1.47391312e+02, 1.25826088e+02,
       1.71173920e+02, 1.48304352e+02, 1.23347832e+02, 1.13478264e+02,
       182., 9.91739120e+01, 1.69130432e+02, 1.15260872e+02,
       1.46130432e+02, 7.55652161e+01, 1.12260872e+02, 1.16086960e+02,
       2.07217392e+02, 1.85304352e+02, 1.06956520e+02, 1.51217392e+02,
       8.02173920e+01, 6.56086960e+01, 9.09565201e+01, 9.23913040e+01,
       7.96333389e+01, 1.05166672e+02, 9.62666702e+01, 8.90666733e+01,
       1.21833336e+02, 1.42066681e+02, 1.41800003e+02, 9.80000076e+01,
       1.05100006e+02, 9.18000031e+01, 1.32333344e+02, 5.26666679e+01,
       1.27200005e+02, 5.27000046e+01, 8.15666733e+01, 1.07133339e+02,
       9.39333420e+01, 1.16733337e+02, 7.49333344e+01, 7.46000061e+01,
       8.95000076e+01, 1.63700012e+02, 1.21833336e+02, 6.10333366e+01,
       1.00000008e+02, 1.53633347e+02, 4.39666672e+01, 7.31333389e+01,
       1.44700012e+02, 1.32200012e+02, 1.15133339e+02, 1.52366669e+02,
       1.28787888e+02, 8.53939438e+01, 1.31727280e+02, 1.87969696e+02,
       6.96666718e+01, 6.24545479e+01, 1.49303040e+02, 1.20151520e+02,
       1.00151520e+02, 1.67424240e+02, 1.80757584e+02, 1.71636368e+02,
       1.49515152e+02, 6.97878799e+01, 1.57696976e+02, 1.44484848e+02,
       1.25696976e+02, 1.87606064e+02, 1.03787880e+02, 2.02575760e+02,
       1.93090912e+02, 1.67212128e+02, 1.19545456e+02, 1.62606064e+02,
       1.59969696e+02, 1.68363647e+02, 1.80787888e+02, 1.42303040e+02,
       6.93030319e+01, 1.70727280e+02, 9.73636398e+01, 1.16484856e+02,
       1.09846161e+02, 7.25769272e+01, 1.24000008e+02, 1.55730774e+02,
       8.23846207e+01, 1.86961548e+02, 7.50384674e+01, 4.28461571e+01,
       1.78769241e+02, 9.21923141e+01, 1.20115387e+02, 5.64615402e+01,
       1.83076935e+02, 1.51346161e+02, 6.00000038e+01, 1.40153854e+02,
       1.39769241e+02, 7.78461533e+01, 1.50269241e+02, 3.95384636e+01,
       3.31153870e+01, 1.31576935e+02, 1.51730774e+02, 7.86153870e+01,
       1.69307693e+02, 2.16461548e+02, 6.21538467e+01, 6.27307701e+01,
       1.41923080e+02, 7.09615402e+01, 8.93846207e+01, 5.70769234e+01,
       7.78780441e+01, 1.45682922e+02, 9.98780441e+01, 1.58097549e+02,
       1.73682922e+02, 2.09341461e+02, 176., 1.39341461e+02,
       1.50707306e+02, 6.74878006e+01, 1.46926819e+02, 1.02804871e+02,
       1.21365852e+02, 1.74780487e+02, 9.76585312e+01, 1.34756088e+02,
       1.92878036e+02, 1.20999992e+02, 1.64170731e+02, 1.20195114e+02,
       1.07926826e+02, 1.29560974e+02, 7.99024353e+01, 2.23512192e+02,
       9.03658524e+01, 1.24219505e+02, 1.15853653e+02, 1.55170731e+02,
       1.27853653e+02, 6.62926788e+01, 1.59536575e+02, 1.73536575e+02 ]
