%YAML:1.0
vocabulary: !!opencv-matrix
   rows: 10
   cols: 128
   dt: f
   data: [ 1.01006212e+01, 1.06149063e+01, 1.31043472e+01,
       1.34819870e+01, 1.23925467e+01, 6.01863337e+00, 4.62111807e+00,
       7.38509321e+00, 2.96472054e+01, 1.88757763e+01, 1.54186335e+01,
       1.15229807e+01, 8.13416100e+00, 8.75030994e+00, 1.64310551e+01,
       2.98397503e+01, 1.86981354e+01, 1.96223602e+01, 1.77503109e+01,
       1.07229815e+01, 7.84844685e+00, 1.56335402e+01, 3.57055893e+01,
       3.32360229e+01, 1.52409935e+01, 1.66770191e+01, 1.46981363e+01,
       6.52298117e+00, 6.18385077e+00, 1.51043472e+01, 2.97925453e+01,
       2.15763969e+01, 2.99229813e+01, 1.28136644e+01, 1.33975153e+01,
       1.73130436e+01, 2.10832291e+01, 1.03577642e+01, 5.27204943e+00,
       1.13378878e+01, 1.24395027e+02, 2.23999996e+01, 7.90931654e+00,
       6.48074532e+00, 6.77391291e+00, 1.48832293e+01, 4.71304321e+01,
       1.01595032e+02, 3.23925476e+01, 9.90186310e+00, 7.88322973e+00,
       9.26583862e+00, 2.71478252e+01, 7.39068298e+01, 9.72658386e+01,
       6.60844727e+01, 1.96770191e+01, 1.71503105e+01, 1.32260866e+01,
       8.35527897e+00, 1.68968945e+01, 3.75316772e+01, 5.45913048e+01,
       3.44310570e+01, 4.04633522e+01, 9.28322983e+00, 3.78633523e+00,
       9.65217400e+00, 2.37739124e+01, 1.68409939e+01, 1.24534159e+01,
       1.57180119e+01, 1.38993790e+02, 5.58956528e+01, 6.20745325e+00,
       3.92670798e+00, 7.38757753e+00, 8.48571396e+00, 1.21788816e+01,
       4.93937874e+01, 7.92447205e+01, 3.06745338e+01, 1.83229809e+01,
       2.00136642e+01, 3.85465813e+01, 5.82385063e+01, 4.26260872e+01,
       2.88732910e+01, 1.86049690e+01, 1.30857143e+01, 1.27838507e+01,
       1.41006212e+01, 2.80099373e+01, 4.84596252e+01, 4.57801247e+01,
       2.56993790e+01, 2.48782597e+01, 8.04223633e+00, 2.39999986e+00,
       4.79130411e+00, 1.53527946e+01, 1.48645964e+01, 1.63093166e+01,
       2.11242237e+01, 1.00837265e+02, 4.51602478e+01, 7.25341606e+00,
       3.44223595e+00, 6.36894417e+00, 8.48322964e+00, 1.50732918e+01,
       4.18198738e+01, 6.41316757e+01, 4.25416145e+01, 2.25142860e+01,
       1.39813662e+01, 1.66559010e+01, 1.90186329e+01, 1.62298126e+01,
       2.24472046e+01, 1.39763975e+01, 1.44285707e+01, 1.85068321e+01,
       2.09888191e+01, 2.60658379e+01, 2.70708065e+01, 1.89975147e+01,
       1.27714281e+01, 5.33234739e+00, 2.66074944e+00, 3.60749507e+00,
       5.37475348e+00, 1.16489153e+01, 4.71499014e+00, 2.53846169e+00,
       3.70808673e+00, 5.16331367e+01, 7.32149887e+00, 4.04240656e+00,
       8.14792919e+00, 2.04418144e+01, 7.16469431e+00, 2.91913223e+00,
       1.52909269e+01, 1.54769226e+02, 1.21410255e+01, 1.40138066e+00,
       2.06607509e+00, 3.06015778e+00, 1.46548331e+00, 4.47731781e+00,
       8.88836288e+01, 7.00276108e+01, 4.42011833e+00, 1.09368837e+00,
       2.19526625e+00, 4.67061138e+00, 5.00098610e+00, 1.34644976e+01,
       5.47919121e+01, 7.79980278e+00, 4.33629179e+00, 4.52070999e+00,
       6.39940834e+00, 1.54092703e+01, 5.49901390e+00, 2.82051277e+00,
       5.11242628e+00, 9.50818558e+01, 1.34773178e+01, 5.61341238e+00,
       1.24082842e+01, 3.46725845e+01, 1.04319525e+01, 3.03846169e+00,
       1.21163712e+01, 1.72527618e+02, 2.51459560e+01, 1.28796852e+00,
       1.64003944e+00, 3.56508875e+00, 1.71203160e+00, 2.25641036e+00,
       5.77524681e+01, 9.01863937e+01, 8.13412285e+00, 1.81360948e+00,
       4.75739670e+00, 7.74161768e+00, 5.87179518e+00, 6.66370821e+00,
       3.02228794e+01, 7.92011833e+00, 4.78402376e+00, 3.57593703e+00,
       5.28895473e+00, 1.48905325e+01, 5.65779114e+00, 3.90729785e+00,
       5.63806725e+00, 9.50759354e+01, 1.23461542e+01, 3.23471403e+00,
       8.76035500e+00, 3.62850113e+01, 1.34023666e+01, 5.38165665e+00,
       1.42366867e+01, 1.72689346e+02, 5.58757401e+01, 2.00591707e+00,
       1.61242604e+00, 3.85996056e+00, 1.84122288e+00, 1.23865879e+00,
       2.59526634e+01, 9.08185425e+01, 2.65108490e+01, 5.36982250e+00,
       6.15779114e+00, 8.03254414e+00, 4.05226851e+00, 2.18441820e+00,
       9.66568089e+00, 5.35207129e+00, 3.38067055e+00, 2.67159772e+00,
       4.00690317e+00, 1.12554245e+01, 4.63609457e+00, 3.48027611e+00,
       4.12031555e+00, 5.04132156e+01, 1.60680485e+01, 3.59368849e+00,
       6.08875751e+00, 2.34142017e+01, 8.19132137e+00, 3.48224854e+00,
       7.95562124e+00, 1.56943787e+02, 8.99901428e+01, 4.16666651e+00,
       1.47238660e+00, 3.83234715e+00, 1.75739646e+00, 1.01479292e+00,
       1.14211044e+01, 7.38806686e+01, 5.31035500e+01, 1.14270220e+01,
       5.34516764e+00, 5.92307711e+00, 1.89743590e+00, 1.23372781e+00,
       4.90828419e+00, 2.83472805e+01, 2.42437229e+01, 1.65512543e+01,
       1.35648537e+01, 1.77667351e+01, 5.70188284e+00, 3.28242660e+00,
       8.47280312e+00, 1.07649582e+02, 4.83504181e+01, 1.48723850e+01,
       7.58891201e+00, 8.84204960e+00, 4.58577394e+00, 6.72489500e+00,
       3.87918396e+01, 5.67238464e+01, 2.22238483e+01, 1.46286612e+01,
       2.83399582e+01, 4.62970695e+01, 1.85230122e+01, 1.39341002e+01,
       2.79205017e+01, 1.49131794e+01, 1.21004181e+01, 1.62782421e+01,
       2.99069023e+01, 3.66370277e+01, 1.60313797e+01, 8.93200779e+00,
       8.69456005e+00, 4.10638046e+01, 1.77688274e+01, 1.38880749e+01,
       1.77269878e+01, 2.69560661e+01, 1.20115061e+01, 5.37029266e+00,
       8.53242683e+00, 1.40726990e+02, 5.24142227e+01, 1.28849373e+01,
       1.15826359e+01, 1.29529285e+01, 4.89016724e+00, 4.53974867e+00,
       4.68389091e+01, 7.03525085e+01, 2.50857735e+01, 3.51485329e+01,
       7.43504181e+01, 7.19068985e+01, 2.01265678e+01, 9.04184055e+00,
       2.03179913e+01, 2.08002090e+01, 2.25920506e+01, 3.48681984e+01,
       4.67071114e+01, 3.80387001e+01, 1.12866106e+01, 6.36087847e+00,
       1.02228031e+01, 3.03002090e+01, 1.10073223e+01, 6.73744774e+00,
       1.24194555e+01, 2.25083675e+01, 1.91014633e+01, 1.53535557e+01,
       1.35261507e+01, 1.27271965e+02, 8.88253098e+01, 4.48451881e+01,
       2.09843082e+01, 1.07761507e+01, 8.00209141e+00, 9.69665241e+00,
       2.57803345e+01, 2.92541828e+01, 4.37824249e+01, 7.37343063e+01,
       9.35784531e+01, 5.63389091e+01, 1.17604599e+01, 8.33158970e+00,
       9.69037628e+00, 2.41820068e+01, 2.45826359e+01, 3.30387039e+01,
       3.19320068e+01, 1.97562752e+01, 8.90271950e+00, 1.23661089e+01,
       1.75627613e+01, 1.05146437e+01, 7.61401653e+00, 5.95083666e+00,
       6.82217550e+00, 1.13106689e+01, 1.39864016e+01, 1.54372377e+01,
       1.26516733e+01, 2.69968605e+01, 2.33504181e+01, 1.66422596e+01,
       9.18619251e+00, 9.63702869e+00, 1.37468615e+01, 1.79424686e+01,
       1.99487438e+01, 1.55889120e+01, 1.92217560e+01, 2.42259407e+01,
       1.77280331e+01, 1.26265688e+01, 1.43033466e+01, 2.07656898e+01,
       1.85000000e+01, 1.42092047e+01, 1.35303345e+01, 1.41443510e+01,
       1.21610880e+01, 7.45502090e+00, 7.91004181e+00, 1.62259407e+01,
       1.78096237e+01, 1.26753120e+01, 5.55523539e+00, 5.40922165e+00,
       6.62151766e+00, 6.20172882e+00, 1.60614789e+00, 1.49951971e+00,
       6.35638809e+00, 9.14658966e+01, 1.37656097e+01, 5.44572496e+00,
       5.29586935e+00, 3.53698349e+00, 1.19500482e+00, 4.89337158e+00,
       6.78338089e+01, 7.93900070e+01, 9.74255466e+00, 4.43804026e+00,
       4.78194046e+00, 3.78866458e+00, 6.13064337e+00, 3.02247829e+01,
       9.36762695e+01, 1.72420750e+01, 6.50528336e+00, 5.70124865e+00,
       6.52161360e+00, 8.60134506e+00, 2.03621521e+01, 4.23083572e+01,
       4.04409218e+01, 2.94899120e+01, 6.60518694e+00, 4.45821333e+00,
       6.77905846e+00, 9.32756901e+00, 4.22094107e+00, 2.20941401e+00,
       7.52161360e+00, 1.43102783e+02, 2.29317951e+01, 3.56484151e+00,
       3.11815548e+00, 3.74735808e+00, 1.91450524e+00, 4.34870291e+00,
       8.14697418e+01, 1.17495674e+02, 1.92747345e+01, 7.98366928e+00,
       8.33141232e+00, 1.09990387e+01, 9.95292950e+00, 2.01258392e+01,
       8.02555237e+01, 2.72901039e+01, 1.37963495e+01, 1.05437078e+01,
