%YAML:1.0
vocabulary: !!opencv-matrix
   rows: 10
   cols: 64
   dt: f
   data: [ -1.83069648e-03, -6.45338150e-04, 3.45546100e-03,
       2.33183731e-03, -1.32587083e-04, -2.36110436e-03, 1.65351517e-02,
       1.20036993e-02, 4.97688800e-02, 1.82959353e-04, 6.57835305e-02,
       2.00377051e-02, -5.81033455e-05, 1.41250587e-03, 5.08770207e-03,
       3.49705643e-03, -1.26267578e-02, -6.49046327e-04, 2.23279987e-02,
       1.08996686e-02, -1.98936299e-03, -7.11463997e-03, 7.93154612e-02,
       4.51284945e-02, 4.12561327e-01, -1.27685466e-03, 5.17989814e-01,
       9.52091441e-02, -9.03408881e-03, 2.93430523e-03, 3.79346684e-02,
       1.77189223e-02, -1.21454317e-02, 9.81344492e-04, 2.16832794e-02,
       1.04844822e-02, -2.80720904e-03, 9.32718348e-03, 8.19614083e-02,
       4.69645336e-02, 4.04934794e-01, -6.74749375e-04, 5.07634878e-01,
       9.51472968e-02, -8.91467929e-03, -5.15219104e-03, 3.79138961e-02,
       1.80330295e-02, -1.74407777e-03, 4.57079150e-04, 3.32381111e-03,
       2.06016423e-03, 7.40010524e-04, 2.87825754e-03, 1.72914416e-02,
       1.25042545e-02, 4.68222685e-02, -8.64985108e-04, 6.23917170e-02,
       2.00706664e-02, -1.09843109e-04, -1.18047604e-03, 4.95063514e-03,
       3.30972415e-03, -4.38337825e-04, -6.44188724e-04, 3.52595514e-03,
       3.20420531e-03, 5.25132148e-03, -2.94775469e-03, 2.45681312e-02,
       2.38015763e-02, 6.14735018e-03, 6.25558803e-03, 6.32540807e-02,
       3.00103649e-02, 9.23752203e-04, 1.43604091e-04, 5.63528668e-03,
       3.85725382e-03, -3.38217383e-03, -2.43801958e-04, 2.48450264e-02,
       1.46764303e-02, 3.70087624e-02, -8.59963056e-03, 1.38901383e-01,
       8.02832916e-02, 8.00382495e-02, -6.90926658e-03, 5.94889581e-01,
       1.41673803e-01, 9.64908861e-03, 8.98423023e-05, 4.01674174e-02,
       1.90475993e-02, -5.08288480e-03, 4.82346019e-04, 2.52678674e-02,
       1.36454506e-02, 4.36505973e-02, 1.07606631e-02, 1.47852242e-01,
       7.39719868e-02, 6.92041367e-02, 2.85038468e-03, 6.09248757e-01,
       1.27868339e-01, 1.15961758e-02, -2.26150223e-04, 3.78892981e-02,
       1.59911774e-02, -9.96073242e-04, 8.26454547e-04, 3.79544240e-03,
       3.23749217e-03, 7.44751049e-03, 2.59557436e-03, 2.67027952e-02,
       2.24059746e-02, 6.66157715e-03, -2.36703735e-03, 6.86047375e-02,
       2.75252480e-02, 3.96593270e-04, 3.81212652e-04, 5.07865101e-03,
       3.16877617e-03, -3.66362161e-04, -1.32337364e-03, 5.92130702e-03,
       5.89096593e-03, 8.92239157e-03, -2.71213939e-03, 4.33363728e-02,
       4.54378650e-02, 5.23119606e-03, 2.19493126e-03, 4.06056531e-02,
       4.48132567e-02, 1.05008052e-03, -4.72795800e-05, 5.91758033e-03,
       6.16279896e-03, -7.12905079e-03, -2.50101159e-03, 4.64100055e-02,
       4.11799513e-02, 1.91396236e-01, 2.75904499e-02, 3.62842143e-01,
       2.59787410e-01, -5.69231994e-03, 7.14698881e-02, 2.69488543e-01,
       2.71708220e-01, 9.26711189e-04, 2.52235681e-03, 4.74009551e-02,
       4.38418016e-02, -8.43826961e-03, 5.60529856e-03, 4.46836762e-02,
       3.75395939e-02, 1.82669684e-01, -2.93185208e-02, 3.61532360e-01,
       2.51520872e-01, -2.48221844e-03, -7.00544342e-02, 2.64168561e-01,
       2.55495399e-01, -1.31002290e-03, -3.63207376e-03, 4.60729040e-02,
       4.09510769e-02, -4.30222950e-04, 9.33506759e-04, 5.84816746e-03,
       5.61429560e-03, 6.80640154e-03, 5.37488097e-03, 4.28328365e-02,
       4.21440601e-02, 6.88794209e-03, -1.51235925e-03, 4.04199958e-02,
       4.44013104e-02, 6.45684195e-04, 3.49215697e-04, 5.80888288e-03,
       5.83330914e-03, -6.32294454e-04, -8.08548240e-04, 6.41065836e-03,
       3.74332001e-03, 4.69403677e-02, 2.20641540e-03, 6.27125204e-02,
       2.45998409e-02, 1.93987950e-03, 5.74522046e-03, 1.91239100e-02,
       2.05149744e-02, -1.86235842e-03, 7.43142329e-04, 3.84310330e-03,
       3.17271613e-03, -1.32913375e-02, -3.19068180e-03, 4.58818562e-02,
       2.09206026e-02, 3.96876693e-01, 5.16339485e-03, 4.86432642e-01,
       1.18335880e-01, 7.07672630e-03, 1.94279794e-02, 9.17792544e-02,
       7.90061727e-02, -1.41735571e-02, 1.07893511e-03, 2.65749134e-02,
       1.53679168e-02, -1.55501533e-02, 3.66050750e-03, 4.51318286e-02,
       2.09737439e-02, 4.00727361e-01, -6.64666714e-03, 4.86020803e-01,
       1.18061580e-01, 6.16264017e-03, -1.82872228e-02, 8.96881893e-02,
       7.61608183e-02, -1.42909633e-02, -9.96343442e-04, 2.82366574e-02,
       1.62978917e-02, -1.23763969e-03, 9.58482735e-04, 6.26459112e-03,
       3.58235370e-03, 4.83835787e-02, -2.29472714e-03, 6.37048185e-02,
       2.51433738e-02, 2.36734818e-03, -4.20784205e-03, 1.96604785e-02,
       2.07729898e-02, -1.59677432e-03, -2.91052420e-04, 4.29776311e-03,
       3.48422397e-03, -2.28973338e-03, -2.26826509e-04, 5.41410269e-03,
       4.06304142e-03, -8.83331895e-03, -6.27141679e-03, 3.86115611e-02,
       2.57970039e-02, 2.75834929e-02, -5.00035065e-04, 4.70190570e-02,
       2.49493681e-02, 1.29108084e-03, 4.81946074e-04, 4.34892252e-03,
       3.28918663e-03, -1.52572086e-02, 4.77110734e-03, 4.34885547e-02,
       2.50112079e-02, -1.25776246e-01, -2.15334911e-02, 3.17827642e-01,
       1.41812563e-01, 2.89813012e-01, -1.20552704e-02, 3.94036829e-01,
       1.14885747e-01, 3.79329245e-03, 3.66274733e-03, 3.46016027e-02,
       1.98276564e-02, -1.40104312e-02, 6.68453358e-05, 4.20458205e-02,
       2.26422809e-02, -1.47308767e-01, 2.93219462e-02, 3.28552753e-01,
       1.33413270e-01, 3.01462084e-01, 1.68969315e-02, 4.06868219e-01,
       1.15089752e-01, 2.55847769e-03, -2.32481328e-03, 3.67818400e-02,
       2.11555716e-02, -1.92770944e-03, 1.36591727e-04, 5.32840705e-03,
       3.83108878e-03, -1.34711135e-02, 6.62980927e-03, 4.21956964e-02,
       2.68615317e-02, 2.98640151e-02, 1.04107172e-03, 4.84787077e-02,
       2.60020699e-02, 1.29037572e-03, -6.09421055e-04, 4.80178744e-03,
       3.62774101e-03, -6.84136467e-04, -1.41925004e-03, 6.00128621e-03,
       6.14019949e-03, 8.17954657e-04, -8.94531701e-03, 4.26006578e-02,
       4.58520502e-02, 1.17359702e-02, -4.42701671e-03, 4.49360311e-02,
       4.47816439e-02, 1.36566174e-03, 1.62335389e-04, 6.38299249e-03,
       5.96196251e-03, -4.72738734e-03, -3.12455976e-03, 4.30202559e-02,
       4.17420082e-02, -2.08869148e-02, -6.56080917e-02, 2.86436498e-01,
       2.74064720e-01, 1.74913317e-01, -2.64148936e-02, 3.49635631e-01,
       2.67178535e-01, 8.11968278e-03, 4.03182441e-03, 4.92918417e-02,
       4.27299589e-02, -5.53501630e-03, 3.65223130e-03, 4.22671586e-02,
       4.01139036e-02, -1.36584556e-02, 6.86749369e-02, 2.83067167e-01,
       2.74948955e-01, 1.66757405e-01, 2.65732855e-02, 3.55530322e-01,
       2.73878634e-01, 9.14005190e-03, -4.01273556e-03, 4.87876423e-02,
       4.21178155e-02, -6.09137875e-04, 9.48865898e-04, 6.04906166e-03,
       6.02423586e-03, 2.03959341e-03, 7.92518537e-03, 4.11584862e-02,
       4.35348824e-02, 1.08682895e-02, 5.39535005e-03, 4.54130135e-02,
       4.38340418e-02, 1.56294880e-03, 3.32340060e-05, 6.62424415e-03,
       6.15830673e-03, -5.21400943e-04, -7.85862794e-04, 3.42139695e-03,
       2.52002920e-03, 2.74021737e-02, -2.18314453e-04, 4.36981805e-02,
       2.07012463e-02, -9.96352639e-03, 5.18740667e-03, 3.91992368e-02,
       2.39809547e-02, -6.75581803e-04, -1.80993651e-04, 4.51323669e-03,
       3.30663123e-03, -3.70571041e-03, -3.12289631e-04, 2.45413557e-02,
       1.14244744e-02, 2.95509726e-01, 4.31898460e-02, 3.87539744e-01,
       1.04684606e-01, -1.71454370e-01, 2.68887412e-02, 3.26753050e-01,
       1.38069496e-01, 8.85036367e-04, -1.28759784e-04, 3.49700712e-02,
       1.90878343e-02, -2.24091974e-03, 2.80285277e-03, 2.56766584e-02,
       1.30206468e-02, 2.79098868e-01, -3.85744087e-02, 3.78380448e-01,
       1.17590852e-01, -1.70597076e-01, -4.40003499e-02, 3.45676541e-01,
       1.54511318e-01, 4.02120780e-03, 2.97304755e-03, 3.45568992e-02,
       2.15801131e-02, 1.09460289e-05, 4.86511417e-04, 3.65103874e-03,
       2.61173537e-03, 2.39362624e-02, -2.01487727e-03, 4.18208763e-02,
